Run #: 1277	 PMT #: 7 	  Paramters of fitted ADC data with good TDC. 
Pixel # 	 Mean Value 	 Error 	 Sigma 

1	412.106	0.210389	126.104
2	358.79	0.119469	77.1645
3	365.735	0.139861	89.7365
4	0	0	0
5	346.721	0.126228	83.9373
6	397.454	0.167123	108.877
7	433.269	0.159005	107.713
8	382.218	0.172076	107.757
9	441.13	0.188629	120.822
10	429.929	0.156206	95.2579
11	338.191	0.142507	89.1041
12	298.324	0.148227	89.3497
13	345.595	0.170889	104.441
14	362.415	0.142884	85.8086
15	-6072.97	2.82258	1490.51
16	0	0	0
