PMT #: 12 	 Mean values for ADC  
       		     	Run 1417  	       	      Run 1418
Pixel # 	 Mean Value 	Sigma 	       Mean Value     Sigma

1		 0		0	       0    	      0
2		 393.562	106.47	       835.408	      204.903
3		 302.077	84.526	       606.827	      167.525
4		 0		0	       0	      0
5		 355.198	123.196	       783.289	      160.463
6		 321.457	75.387	       605.914	      209.570
7		 216.095	64.151	       423.770	      119.640
8		 257.793	63.890	       521.824	      120.916
9		 209.186	45.647	       438.388	      140.363	
10		 249.933	72.206	       496.012	      129.977
11		 198.36		48.453	       410.783	      115.793
12		 205.806	57.547	       451.822	      117.796
13		 250.898	79.029	       520.348	      134.357
14		 229.227	61.454	       482.140	      105.949
15		 268.23		77.155	       571.249	      174.045
16		 287.213	93.814	       652.193	      199.140	       
