Card 7
------------------------------------------------------------------------------

Pixel          Events          Sigma        Error         
1              254             125          13 
2              250             77           7
3              268             90           7
4 ____________________________________________________________________________
5              348             84           5
6              306             109          9
7              327             108          8
8              299             108          7
9              284             122          10
10             233             95           10
11             273             89           6
12             253             89           11
13             248             104          9
14             258             86           6
15             226             129          14
16____________________________________________________________________________

